2.794509805859917485e-09 1.656010098573968731e-08 1.516833865312594216e-08
1.592216691686544598e-09 1.537783246933468920e-08 1.583819266001086599e-08
1.346924602910372653e-08 4.911505707727684241e-09 3.760933182184596673e-09
3.265433744649855685e-09 2.405864286443818617e-08 5.103954351941422345e-10
2.181498637788953776e-08 1.045445800235442825e-08 1.571484521344652509e-09
8.611734310824100985e-10 1.924546332686024944e-09 6.653467917695790816e-09
8.178636295493940289e-10 1.796140972136235397e-08 2.081516393242804666e-08
7.903384836278503785e-09 1.863767510620116645e-08 6.761206115765262240e-09
5.024649688950116391e-09 2.272702541438070414e-08 2.400677355875062553e-08
3.801432162670517741e-09 1.120413642757391210e-09 3.551297540831984186e-09
7.601604712125394659e-09 1.798545186991095321e-08 9.237016496837349930e-09
2.392155177266524438e-08 2.772236590738902080e-09 1.426181467809841740e-08
1.257563143597161442e-09 2.366989499809144863e-08 2.228977878803199227e-08
1.541308756377826125e-09 1.523350233096809477e-08 2.358554336082832635e-08
5.324072858950796792e-09 1.138160148839804179e-08 4.545670473825452567e-09
5.226349973952036034e-09 2.162399704864754199e-08 8.561858791777525761e-09
1.789718271620998235e-10 2.937825330608024959e-09 2.364727484986818614e-08
4.505117354148925194e-09 2.499770911298881497e-08 2.142024535382692185e-08
2.100371598055192118e-08 1.617327981372422519e-08 1.798116012105438075e-08
5.358191883871180639e-09 7.033366015452207039e-09 2.053707162149301455e-08
4.893227280222548754e-10 6.001766593450586360e-09 4.454676297728438194e-09
7.587067432079361526e-09 3.993504253527173429e-09 2.131270860256474637e-08
1.858017065318841333e-09 9.004301915664439412e-09 2.374286448890385622e-08
2.751348394883763672e-08 2.372705245536229658e-08 2.252290595233674706e-08
1.105118770635056444e-08 4.776141775580827364e-09 9.018459141192963388e-09
4.980502790873631495e-09 1.049742207204327078e-08 2.039806419399002565e-08
5.410780488340781689e-09 1.999464824143710165e-08 5.221043160649168459e-09
1.685959986164611648e-08 2.127738344017647900e-08 2.410141642588088220e-08
7.599772650709308747e-09 2.419949408343991115e-08 1.230482324152653460e-08
1.536420462793869372e-08 1.704922667411633458e-08 2.453271742245291904e-08
1.070174809694784788e-09 2.462518381239832185e-08 2.321883568288021665e-08
5.827821844063194476e-09 2.819352706241930774e-09 1.159935211170725752e-08
1.666607115209624284e-09 3.788853007634817007e-09 1.206717457212816335e-08
1.133601875263479185e-08 3.385516966148753831e-09 9.414912601237398205e-09
1.799370692573384005e-08 1.957230039930159119e-09 1.328867960780786651e-08
2.213441717817272578e-09 1.103733978387611470e-08 1.368499037615352490e-09
4.699463869818830795e-09 1.629320540344350161e-08 2.316420876455949154e-09
1.719539614838235815e-08 1.824641557143065422e-08 1.355135927203114291e-08
1.674263103417106067e-08 1.847493148625989277e-08 2.090396547443420344e-08
2.688765490414938922e-08 2.202436998834605885e-08 1.696759046673158353e-08
2.047065085232806436e-10 2.263599825344115930e-08 1.783728634280456824e-08
3.841073413438648065e-09 3.113022371026223512e-09 1.687278148871561510e-08
2.530249711416701663e-10 5.646079008700987234e-09 1.717702376463857296e-09
4.749761673678260570e-09 2.054103556397172808e-08 2.364407609981212339e-08
1.253083751690708508e-09 2.774067194648078626e-09 2.498865972781425119e-08
5.608505056568180686e-09 1.429676891723790930e-08 4.564741324442345132e-09
2.161465639734277325e-09 1.191674656320244071e-08 2.023574441645812936e-08
2.649072989984428238e-10 5.247145152218179655e-09 2.141425431599060467e-08
1.373624910327639264e-08 1.272623681884663063e-08 9.549917496847170976e-09
3.660979807247110753e-09 1.340520472279656564e-08 1.879978100895958292e-08
